0 0 0 0 
0 0 0 0 
0 0 0 0 
0 0 0 0 
0 0 0 0 
0 0 0 0 
0 0 0 0 
0 0 0 0 
0 0 0 0 
0.260982 0.722794 0.639889 -12.5718 
-0.278794 0.69105 -0.666876 19.0249 
-0.924209 -0.00435425 0.381863 96.5985 
0 0 0 0 
0 0 0 0 
0 0 0 0 
0.114223 -0.777942 0.617866 -32.8335 
0.304712 -0.564525 -0.767113 -19.8285 
0.945571 0.275893 0.172566 105.507 
0 0 0 0 
0 0 0 0 
0 0 0 0 
-0.210858 -0.795305 0.568356 14.9818 
0.193956 -0.603908 -0.773095 -20.435 
0.958081 -0.0527768 0.281593 189.349 
-0.468332 -0.728184 -0.500413 39.5804 
0.159274 -0.626665 0.762839 -10.7729 
-0.869079 0.277559 0.409468 104.155 
0.0749135 -0.794298 -0.602893 -25.5548 
0.206296 -0.579168 0.788674 -12.6476 
-0.975618 -0.183457 0.120473 115.649 
-0.181572 -0.818402 -0.545206 7.0496 
0.137174 -0.57008 0.810057 -7.92688 
-0.973763 0.0722956 0.215774 120.676 
-0.400668 -0.790748 -0.462799 33.6448 
0.118996 -0.545749 0.829456 -7.16574 
-0.908463 0.277265 0.31276 116.349 
0.051824 -0.800201 0.597489 -20.6593 
0.143399 -0.58613 -0.797426 -8.14241 
0.988307 0.127005 0.0843726 120.339 
-0.161505 -0.831552 0.531449 5.6949 
0.0964268 -0.549239 -0.830083 -4.98184 
0.98215 -0.082817 0.168889 124.547 
0.21959 -0.965152 -0.142347 1.91389e+32 
0.0354885 0.153714 -0.987478 -2.89967e+32 
0.974947 0.211788 0.0680057 -3.3763e+33 
-0.131865 -0.764707 -0.630742 5.60899 
0.105871 -0.643523 0.758069 -4.92191 
-0.985598 0.0331852 0.165818 122.697 
-0.065936 -0.467532 -0.881514 2.40456e+29 
0.852029 -0.486172 0.194122 -9.02936e+28 
-0.519325 -0.738276 0.430407 -7.71082e+29 
-0.11274 -0.707852 -0.697305 5.52401 
0.115217 -0.706359 0.698414 -4.919 
-0.986922 -0.00160274 0.161191 120.373 
-0.126763 -0.659856 -0.740622 5.14755 
0.0685048 -0.750686 0.657097 -4.62596 
-0.989565 0.0325597 0.140363 107.833 
-0.0931219 -0.629381 -0.771497 5.38072 
0.127862 -0.776007 0.617628 -4.90163 
-0.987411 -0.0411303 0.152737 116.728 
