0.00476789 0.997441 0.0713399 25.5684 
0.996243 0.00143124 -0.0865933 -12.0721 
-0.0864738 0.0714847 -0.993686 245.415 
0.00565376 0.997329 0.072827 25.4549 
0.996778 0.000206779 -0.0802143 -11.683 
-0.0800151 0.0730458 -0.994114 244.746 
0.005864 0.998928 0.0459278 24.937 
0.998259 -0.00315188 -0.058903 -11.2938 
-0.0586951 0.0461932 -0.997207 245.37 
0.00517259 0.998753 0.049659 25.0345 
0.9985 -0.00245171 -0.0546966 -11.2926 
-0.0545066 0.0498675 -0.997267 245.575 
0.00541384 0.998807 0.048524 25.0715 
0.998504 -0.00275944 -0.0546038 -11.1925 
-0.0544048 0.0487471 -0.997328 245.065 
0.00470797 0.998707 0.0506269 24.9731 
0.997753 -0.00130796 -0.0669828 -11.5558 
-0.0668299 0.0508285 -0.996469 245.018 
0.0041056 0.997962 0.0636762 25.459 
0.996799 0.000999971 -0.0799418 -11.998 
-0.0798426 0.0638006 -0.994764 245.21 
0.00541509 0.998594 0.0527274 25.4473 
0.99744 -0.00163405 -0.0714899 -11.8003 
-0.0713032 0.0529795 -0.996047 245.532 
-0.0425343 0.924254 0.3794 10.5415 
0.969398 -0.0537194 0.239544 -22.9148 
0.241781 0.377979 -0.893686 222.423 
0.00505283 0.998114 0.0611824 25.4722 
0.997502 -0.000719956 -0.0706349 -11.6829 
-0.0704576 0.0613864 -0.995624 245.255 
0.00548525 0.998562 0.053333 25.1553 
0.998061 -0.00215982 -0.062211 -11.4366 
-0.0620064 0.0535709 -0.996637 245.469 
0.00517222 0.997699 0.0675955 25.1282 
0.995759 0.00107027 -0.0919899 -12.342 
-0.0918506 0.0677846 -0.993463 244.788 
0.00396638 0.998211 0.0596619 25.3661 
0.997161 0.000538085 -0.0752949 -11.817 
-0.0751923 0.0597912 -0.995375 245.704 
0.00392894 0.997619 0.0688574 25.454 
0.996828 0.00156632 -0.0795713 -12.0749 
-0.0794897 0.0689517 -0.994448 244.92 
0.00553808 0.996143 0.0875703 25.9314 
0.995049 0.00320036 -0.0993337 -12.582 
-0.0992308 0.0876868 -0.991193 244.739 
0.00437221 0.997995 0.0631425 25.4528 
0.997353 0.00023122 -0.0727148 -11.8723 
-0.0725836 0.0632933 -0.995352 245.25 
0.00459893 0.998639 0.0519584 25.2519 
0.997644 -0.00102529 -0.0685972 -11.7448 
-0.0684505 0.0521515 -0.996291 244.841 
0.00471032 0.997727 0.0672169 25.6538 
0.996859 0.000629479 -0.0792 -11.9359 
-0.0790623 0.0673788 -0.99459 245.078 
0.00491456 0.999021 0.0439598 24.8681 
0.998364 -0.00239785 -0.0571208 -11.2967 
-0.0569595 0.0441686 -0.997399 245.22 
0.00509728 0.997761 0.0666833 25.5744 
0.996673 0.00035516 -0.0814999 -11.8909 
-0.0813411 0.0668769 -0.99444 245.017 
0.00495719 0.998452 0.0554067 25.1232 
0.997572 -0.0010884 -0.0696385 -11.5966 
-0.0694703 0.0556173 -0.996032 245.392 
0.00440345 0.997659 0.0682387 25.6035 
0.996676 0.00117242 -0.0814566 -12.1756 
-0.0813459 0.0683706 -0.994338 245.318 
0.00525982 0.997464 0.0709769 25.6043 
0.996268 0.000887954 -0.0863083 -12.2338 
-0.0861525 0.071166 -0.993737 244.976 
0.00575289 0.997943 0.0638492 25.6295 
0.99705 -0.000836887 -0.076755 -11.8754 
-0.0765437 0.0641024 -0.995003 245.514 
0.00671438 0.998345 0.057119 25.0318 
0.997666 -0.00280637 -0.0682257 -11.5438 
-0.0679525 0.0574437 -0.996033 245.361 
0.00403678 0.997605 0.0690539 25.5875 
0.99646 0.00178608 -0.0840546 -12.1669 
-0.0839766 0.0691487 -0.994066 244.77 
0.00661023 0.998149 0.0604596 25.1529 
0.997769 -0.00256728 -0.0667052 -11.8611 
-0.0664265 0.0607657 -0.995939 245.104 
0.00541107 0.998412 0.0560658 25.2326 
0.997677 -0.00158311 -0.068097 -11.5544 
-0.0679001 0.056304 -0.996102 245.305 
0.00438554 0.998046 0.0623294 25.5474 
0.997082 0.000385745 -0.0763321 -12.1153 
-0.076207 0.0624823 -0.995132 245.235 
0.00558888 0.998253 0.058823 25.5176 
0.998129 -0.00198683 -0.0611166 -11.4105 
-0.0608929 0.0590544 -0.996396 245.037 
0.0054576 0.997483 0.0706936 25.6195 
0.996207 0.000715873 -0.0870089 -12.1609 
-0.0868406 0.0709003 -0.993696 245.355 
0.00474703 0.9979 0.0646042 25.3731 
0.996499 0.000671843 -0.083599 -12.1216 
-0.0834668 0.0647749 -0.994403 244.941 
0.0057666 0.997128 0.0755172 25.7521 
0.996173 0.000857998 -0.0873981 -12.5334 
-0.0872119 0.0757322 -0.993307 245.259 
0.00426508 0.998694 0.0509041 25.1652 
0.997738 -0.000834763 -0.0672196 -11.6433 
-0.0670894 0.0510756 -0.996439 245.151 
0.00663081 0.998946 0.0454202 25.1895 
0.998594 -0.00422579 -0.0528433 -11.1338 
-0.0525956 0.0457067 -0.997569 245.502 
0.00552215 0.998632 0.0519988 25.3408 
0.998205 -0.00240421 -0.0598344 -11.2327 
-0.0596275 0.0522359 -0.996853 245.246 
0.00552171 0.998905 0.0464501 24.7775 
0.998384 -0.00287944 -0.0567599 -11.4378 
-0.056564 0.0466885 -0.997307 244.992 
0.00456688 0.997973 0.0634762 25.7048 
0.997379 3.82225e-05 -0.0723586 -11.7251 
-0.0722144 0.0636403 -0.995357 245.208 
0.00608922 0.998136 0.0607269 25.7595 
0.997839 -0.0020918 -0.0656738 -11.6653 
-0.0654243 0.0609955 -0.995992 245.868 
0.00465346 0.998392 0.0565048 25.108 
0.997805 -0.000903267 -0.0662145 -11.6252 
-0.066057 0.0566889 -0.996204 245.09 
0.0364307 0.956104 0.290756 29.985 
0.954746 0.0526407 -0.292727 -18.6582 
-0.295183 0.288262 -0.910918 232.946 
0.00381641 0.997765 0.0667045 25.5742 
0.997178 0.00120387 -0.0750598 -12.0158 
-0.0749724 0.0668027 -0.994945 245.03 
0.0086028 0.991864 0.127009 24.682 
0.999492 -0.00462994 -0.0315423 -11.5707 
-0.0306976 0.127216 -0.9914 244.936 
0.0043029 0.998759 0.0496251 25.0043 
0.998077 -0.00122084 -0.0619709 -11.5751 
-0.0618334 0.0497963 -0.996844 245.33 
0.00549301 0.997672 0.0679659 25.5861 
0.996527 0.000186231 -0.083273 -12.0735 
-0.0830918 0.0681873 -0.994206 245.1 
0.00456826 0.998047 0.0622932 25.4968 
0.997678 -0.000316034 -0.0681012 -11.7163 
-0.0679485 0.0624597 -0.995732 245.131 
0.00548791 0.997326 0.0728695 25.8616 
0.996656 0.000485605 -0.081706 -12.1096 
-0.0815229 0.0730742 -0.993989 244.99 
0.00682076 0.99783 0.0654889 25.5965 
0.997824 -0.00249603 -0.0658936 -11.5577 
-0.0655871 0.0657958 -0.995675 245.025 
0.00436351 0.998262 0.0587668 25.4809 
0.997782 -0.000442609 -0.066568 -11.8565 
-0.0664263 0.0589269 -0.99605 245.157 
0.00321484 0.99747 0.0710213 25.6895 
0.995763 0.00333405 -0.0918995 -12.2547 
-0.0919038 0.0710158 -0.993232 245.005 
0.00430608 0.998484 0.0548769 25.3498 
0.997653 -0.000539628 -0.0684654 -11.5895 
-0.068332 0.0550429 -0.996143 245.048 
0.0059649 0.997404 0.0717581 25.6098 
0.996963 -0.000359469 -0.0778763 -11.8212 
-0.0776483 0.0720047 -0.994377 245.28 
0.00441449 0.997639 0.0685349 25.4181 
0.996568 0.00127643 -0.0827717 -12.118 
-0.0826637 0.068665 -0.994209 245.151 
0.00531539 0.997813 0.0658821 25.6158 
0.997811 -0.000949729 -0.0661197 -11.6116 
-0.0659126 0.0660894 -0.995634 245.03 
0.00438175 0.998537 0.0538861 25.25 
0.997872 -0.000860353 -0.0651992 -11.6083 
-0.0650575 0.0540571 -0.996416 244.814 
0.00451008 0.998678 0.0512131 25.0527 
0.997829 -0.00112916 -0.0658547 -11.6656 
-0.0657098 0.0513989 -0.996514 245.163 
0.00545285 0.998382 0.056602 25.436 
0.9978 -0.0016927 -0.066268 -11.7256 
-0.0660649 0.0568388 -0.996195 245.41 
0.0041388 0.998445 0.0555859 25.1874 
0.997434 -0.000148748 -0.0715949 -11.7654 
-0.0714753 0.0557395 -0.995884 245.68 
0.00561495 0.998861 0.0473883 25.0132 
0.998298 -0.00284854 -0.0582445 -11.3836 
-0.0580431 0.0476347 -0.997177 245.361 
0.00535474 0.998004 0.0629287 25.3745 
0.997501 -0.00089742 -0.070647 -11.8091 
-0.0704495 0.0631498 -0.995514 245.364 
0.0038978 0.99809 0.0616493 25.3419 
0.997318 0.000625723 -0.0731861 -11.7575 
-0.073085 0.0617692 -0.995411 245.217 
0.00460526 0.998944 0.0457232 25.0598 
0.998523 -0.00211868 -0.0542837 -11.2304 
-0.0541294 0.0459057 -0.997478 245.252 
0.00505344 0.998476 0.0549525 25.1543 
0.997645 -0.00127463 -0.0685837 -11.5687 
-0.0684092 0.0551696 -0.996131 245.584 
0.004426 0.998307 0.0579909 25.436 
0.997404 -0.000239426 -0.0720026 -11.7514 
-0.0718668 0.058159 -0.995717 245.224 
0.00469139 0.998025 0.0626431 25.3954 
0.997831 -0.000558691 -0.0658272 -11.6257 
-0.0656622 0.0628161 -0.995863 245.062 
0.00451618 0.996179 0.0872221 26.0433 
0.994742 0.00444866 -0.102315 -12.7205 
-0.102312 0.0872256 -0.990921 245.348 
-0.00531673 0.999985 -0.00117903 22.6759 
0.991149 0.00511335 -0.132654 -14.1318 
-0.132646 -0.00187388 -0.991162 245.645 
0.0059541 0.997635 0.0684826 25.4798 
0.997126 -0.000750327 -0.0757628 -11.9225 
-0.0755322 0.0687368 -0.994771 244.86 
0.00525665 0.997755 0.0667685 25.634 
0.997284 -0.000325604 -0.07365 -11.9444 
-0.0734628 0.0669743 -0.995047 245.086 
0.00411807 0.998132 0.0609585 25.0879 
0.997307 0.000364191 -0.0733365 -11.8206 
-0.0732217 0.0610964 -0.995443 244.843 
0.00527811 0.997314 0.0730521 25.7238 
0.996512 0.000838686 -0.0834491 -12.1108 
-0.0832863 0.0732377 -0.993831 244.874 
0.00547914 0.998332 0.0574797 25.0172 
0.997674 -0.00155224 -0.0681413 -11.6487 
-0.0679384 0.0577194 -0.996018 245.388 
0.00419208 0.998214 0.0595926 25.348 
0.996465 0.000830376 -0.0840063 -12.399 
-0.0839057 0.0597341 -0.994682 244.884 
0.00611019 0.997429 0.0713957 25.794 
0.996441 -7.0873e-05 -0.0842874 -12.3184 
-0.0840657 0.0716566 -0.99388 245.236 
0.00594494 0.997643 0.0683652 25.4273 
0.996942 -0.000585832 -0.0781438 -11.8889 
-0.0779195 0.0686207 -0.994595 245.107 
0.00611831 0.998381 0.0565504 25.1165 
0.998291 -0.00281171 -0.0583675 -11.2667 
-0.058114 0.0568108 -0.996692 244.759 
0.0030969 0.998589 0.0530228 24.9664 
0.997738 0.000474898 -0.0672187 -11.8981 
-0.067149 0.053111 -0.996328 244.929 
0.00447793 0.998407 0.0562398 25.4276 
0.997283 -0.000323736 -0.0736586 -11.7514 
-0.073523 0.0564169 -0.995696 245.472 
0.00472196 0.998031 0.0625426 25.3987 
0.997749 -0.000518209 -0.0670605 -11.3169 
-0.0668961 0.0627185 -0.995787 245.211 
0.00438142 0.998112 0.0612641 25.3613 
0.997341 9.49449e-05 -0.0728737 -11.8668 
-0.0727419 0.0614205 -0.995458 244.752 
0.00476158 0.998343 0.0573533 25.4277 
0.996884 -0.000223358 -0.0788753 -11.7837 
-0.0787317 0.0575502 -0.995233 245.286 
0.00446992 0.998546 0.0537212 25.107 
0.997491 -0.000656805 -0.0707887 -11.9772 
-0.0706505 0.0539029 -0.996044 245.506 
0.00483248 0.998659 0.051536 25.0285 
0.997855 -0.00145142 -0.0654425 -11.6371 
-0.06528 0.0517417 -0.996525 245.054 
0.00402676 0.998001 0.0630703 25.7482 
0.997385 0.00054306 -0.0722717 -11.6176 
-0.0721615 0.0631964 -0.995389 245.463 
0.00406899 0.997683 0.0679076 25.408 
0.997025 0.0011798 -0.0770747 -11.982 
-0.0769762 0.0680192 -0.99471 244.962 
0.00548602 0.998515 0.0541921 25.0787 
0.998014 -0.00206598 -0.0629651 -11.5453 
-0.0627597 0.0544298 -0.996543 244.919 
0.00580926 0.997855 0.0652069 25.3173 
0.997758 -0.00143644 -0.0669082 -11.7314 
-0.066671 0.0654494 -0.995626 245.048 
0.006979 0.998262 0.0585192 25.2525 
0.997333 -0.00269673 -0.0729392 -11.8597 
-0.0726546 0.0588722 -0.995618 244.995 
0.00509986 0.998519 0.0541679 25.365 
0.997705 -0.00142294 -0.0677028 -11.7228 
-0.0675254 0.0543888 -0.996234 245.299 
0.00652216 0.997701 0.0674535 25.412 
0.996613 -0.000955833 -0.0822261 -12.0831 
-0.0819726 0.0677613 -0.994328 245.006 
0.00510384 0.998128 0.0609476 25.1905 
0.997771 -0.00102746 -0.0667282 -11.7255 
-0.0665406 0.0611523 -0.995908 245 
0.00622543 0.997308 0.0730682 25.6975 
0.996626 -0.000207755 -0.0820772 -11.9823 
-0.0818411 0.0733326 -0.993944 244.857 
0.00685446 0.998281 0.0582039 25.4196 
0.998258 -0.00342058 -0.0588934 -11.1978 
-0.058593 0.0585062 -0.996566 245.443 
0.00461644 0.998085 0.0616888 25.3488 
0.996872 0.000273765 -0.0790296 -12.0004 
-0.0788951 0.0618607 -0.994962 245.298 
0.00753517 0.996288 0.0857535 26.0647 
0.995802 0.000347123 -0.0915341 -12.2728 
-0.0912241 0.0860832 -0.992103 244.684 
0.00583391 0.998894 0.0466511 25.0237 
0.998623 -0.00338742 -0.0523506 -11.2672 
-0.0521346 0.0468923 -0.997539 245.277 
0.00538736 0.99852 0.0541108 25.2831 
0.997977 -0.00194114 -0.06354 -11.3752 
-0.0633409 0.0543437 -0.996511 245.22 
0.00534212 0.997983 0.0632643 25.5719 
0.996968 -0.000403956 -0.0778129 -12.0337 
-0.0776304 0.0634881 -0.994959 245.147 
0.00521469 0.997599 0.0690541 25.736 
0.997236 -7.02036e-05 -0.0742931 -11.7121 
-0.0741099 0.0692506 -0.994843 245.159 
0.00544657 0.99853 0.0539264 25.245 
0.997789 -0.00185468 -0.0664345 -11.8537 
-0.0662368 0.054169 -0.996332 245.319 
0.00430453 0.998094 0.0615578 25.3519 
0.997765 -0.000181771 -0.0668232 -11.9685 
-0.0666846 0.0617078 -0.995864 245.106 
0.00400707 0.998079 0.0618201 25.1516 
0.996716 0.00101323 -0.080964 -12.2606 
-0.0808711 0.0619416 -0.994798 245.094 
0.00556572 0.997981 0.0632693 25.2786 
0.998024 -0.00158324 -0.0628216 -11.6829 
-0.0625946 0.0634939 -0.996017 245.043 
0.00565483 0.998335 0.0573981 25.275 
0.997952 -0.00197637 -0.0639422 -11.7013 
-0.0637224 0.0576421 -0.996302 245.091 
0.00526135 0.998094 0.0614945 25.3804 
0.99763 -0.00102005 -0.0687993 -11.6293 
-0.0686054 0.0617108 -0.995733 245.141 
0.00559933 0.998744 0.0497977 25.0234 
0.998463 -0.00283777 -0.0553542 -11.4298 
-0.0551433 0.0500311 -0.997224 245.257 
0.00672885 0.997225 0.074143 25.6593 
0.996315 -0.000345502 -0.0857735 -12.1443 
-0.0855098 0.0744469 -0.993552 245.366 
0.00495416 0.99818 0.0600982 25.4107 
0.997473 -0.000673666 -0.0710371 -11.7914 
-0.0708673 0.0602983 -0.995662 245.45 
0.00676601 0.997299 0.0731321 25.6303 
0.996397 -0.000540389 -0.084815 -12.2402 
-0.0845465 0.0734424 -0.993709 244.824 
0.00638821 0.998315 0.0576747 25.4908 
0.997505 -0.00230637 -0.0705645 -11.649 
-0.0703126 0.0579816 -0.995838 245.349 
0.00436306 0.9982 0.0598214 25.4588 
0.997504 -0.000128619 -0.0706065 -11.585 
-0.0704717 0.0599801 -0.995709 245.072 
0.00515116 0.9986 0.0526399 25.0732 
0.997694 -0.00156972 -0.0678527 -11.5724 
-0.0676751 0.052868 -0.996306 245.13 
0.00437892 0.998298 0.0581527 25.0644 
0.997747 -0.000468153 -0.0670939 -11.8569 
-0.0669525 0.0583155 -0.996051 245.065 
0.00501472 0.997729 0.0671751 25.2674 
0.996918 0.00027112 -0.0784481 -12.1105 
-0.0782882 0.0673615 -0.994652 245.129 
0.00461906 0.997943 0.0639431 25.2745 
0.997193 0.000182087 -0.074876 -11.9747 
-0.0747336 0.0641095 -0.995141 244.612 
0.00333985 0.998388 0.0566584 25.0068 
0.997374 0.00077348 -0.072422 -11.8339 
-0.072349 0.0567515 -0.995763 245.151 
0.0044484 0.998319 0.0577859 25.1655 
0.997673 -0.000499521 -0.0681718 -11.8387 
-0.0680283 0.0579548 -0.995999 245.61 
0.0051056 0.998541 0.053749 25.2557 
0.998217 -0.001893 -0.0596524 -11.5853 
-0.0594636 0.0539578 -0.996771 245.468 
0.00575565 0.998309 0.0578502 25.441 
0.998209 -0.00229128 -0.0597741 -11.4992 
-0.0595404 0.0580906 -0.996534 245.498 
0.0043256 0.998039 0.0624531 25.5183 
0.997777 -0.000154703 -0.0666354 -11.6212 
-0.066495 0.0626025 -0.995821 245.465 
0.00477803 0.997709 0.0674854 25.4193 
0.997527 -2.3512e-05 -0.0702783 -11.8468 
-0.0701157 0.0676543 -0.995242 245.467 
0.00525965 0.998826 0.0481489 25.1043 
0.998812 -0.0029144 -0.0486495 -11.401 
-0.0484521 0.0483475 -0.997655 245.67 
0.0065066 0.997593 0.0690351 25.4594 
0.997439 -0.00155771 -0.0714995 -12.1608 
-0.0712199 0.0693236 -0.995049 245.319 
0.00962525 0.99263 0.120804 24.998 
0.999337 -0.00530716 -0.0360155 -11.2357 
-0.0351089 0.121071 -0.992023 245.16 
0.0043318 0.998915 0.046358 24.7923 
0.997444 -0.00100954 -0.0714501 -11.8805 
-0.0713258 0.046549 -0.996366 245.167 
0.00605324 0.999019 0.0438681 24.7889 
0.99821 -0.00342652 -0.0597075 -11.7326 
-0.0594986 0.044151 -0.997252 246.218 
0.00408403 0.997849 0.0654307 25.3004 
0.99703 0.000968451 -0.0770016 -12.022 
-0.0768993 0.0655508 -0.994882 245.526 
0.00506746 0.997977 0.0633807 25.094 
0.997032 -0.000173546 -0.076983 -12.0274 
-0.0768162 0.0635827 -0.995016 244.443 
0.0038862 0.998937 0.0459301 24.6696 
0.998098 -0.00104881 -0.0616397 -11.7983 
-0.061526 0.0460823 -0.997041 245.729 
0.00563234 0.998337 0.0573746 25.285 
0.997674 -0.00171246 -0.0681422 -11.8254 
-0.0679306 0.0576249 -0.996024 245.847 
0.00444204 0.997977 0.0634218 25.2371 
0.996657 0.000755604 -0.0816953 -12.2284 
-0.0815779 0.0635727 -0.994637 245.593 
0.00419206 0.998673 0.0513324 24.972 
0.997677 -0.00068681 -0.0681134 -11.7915 
-0.0679877 0.0514987 -0.996356 245.705 
0.00603936 0.998075 0.0617203 24.997 
0.997702 -0.00184919 -0.0677225 -11.8637 
-0.067478 0.0619875 -0.995793 245.433 
0.00410661 0.997654 0.0683353 25.4806 
0.996862 0.00131778 -0.0791453 -12.068 
-0.0790497 0.0684458 -0.994518 245.264 
0.00552914 0.997468 0.0709086 25.6272 
0.997264 -0.000273187 -0.0739194 -11.8597 
-0.0737128 0.0711233 -0.99474 245.04 
0.004097 0.997922 0.06431 25.5124 
0.996661 0.00116943 -0.0816408 -12.5846 
-0.0815463 0.0644298 -0.994585 245.103 
0.00556631 0.998345 0.0572347 25.1811 
0.998236 -0.00216438 -0.0593292 -11.5973 
-0.0591072 0.057464 -0.996596 245.596 
0.00490919 0.99893 0.0459911 24.8054 
0.998186 -0.00213513 -0.0601733 -11.9454 
-0.0600107 0.0462031 -0.997128 244.958 
0.00371033 0.997582 0.0693946 25.4208 
0.99682 0.00183397 -0.0796614 -12.3717 
-0.0795961 0.0694695 -0.994404 245.328 
0.00518723 0.996922 0.078225 25.8299 
0.996451 0.00141893 -0.0841596 -12.3173 
-0.0840116 0.0783839 -0.993377 245.391 
0.00464523 0.997372 0.0723047 25.2854 
0.996319 0.00157286 -0.0857048 -12.0994 
-0.0855932 0.0724367 -0.993693 245.057 
0.00415117 0.998117 0.0612032 25.0402 
0.997305 0.000350878 -0.0733655 -11.6183 
-0.0732489 0.0613428 -0.995425 245.324 
0.00347187 0.99872 0.0504538 25.1757 
0.997613 2.05321e-05 -0.069055 -11.7835 
-0.0689677 0.0505731 -0.996336 245.852 
0.00401377 0.997067 0.0764259 25.4897 
0.995723 0.00306979 -0.0923429 -12.2639 
-0.0923067 0.0764696 -0.99279 244.896 
0.00328331 0.997019 0.0770825 25.6096 
0.995605 0.00395554 -0.0935702 -12.2356 
-0.0935962 0.077051 -0.992624 245.034 
0.00614032 0.998674 0.0511066 25.1079 
0.998178 -0.00305385 -0.0602532 -11.3013 
-0.0600172 0.0513835 -0.996874 245.673 
0.00248203 0.997895 0.0648036 25.2389 
0.996724 0.0027697 -0.0808253 -11.9998 
-0.0808347 0.0647919 -0.994619 245.58 
0.0038556 0.998344 0.0574006 25.2355 
0.998394 -0.00059906 -0.056643 -11.2398 
-0.0565148 0.0575268 -0.996743 245.797 
0.00460344 0.997798 0.0661627 25.2689 
0.996862 0.000649366 -0.0791524 -11.9339 
-0.0790211 0.0663194 -0.994664 244.953 
0.00514753 0.997823 0.0657486 25.3876 
0.997156 -0.000177856 -0.0753692 -11.7186 
-0.0751935 0.0659496 -0.994986 245.633 
0.00433727 0.997551 0.0698032 25.5159 
0.996863 0.00120329 -0.0791369 -11.7637 
-0.0790271 0.0699275 -0.994417 245.021 
0.00504441 0.998498 0.0545634 25.091 
0.997987 -0.00157698 -0.0634059 -11.3901 
-0.0632245 0.0547734 -0.996495 246.258 
0.00580084 0.997599 0.0690146 25.7809 
0.997873 -0.00129312 -0.0651817 -11.3338 
-0.064936 0.0692458 -0.995484 245.629 
0.0055709 0.997945 0.0638391 25.467 
0.997133 -0.000726181 -0.0756627 -11.6284 
-0.0754609 0.0640776 -0.995088 245.169 
0.00485573 0.998386 0.0565811 25.0442 
0.997807 -0.00110233 -0.06618 -11.4987 
-0.0660108 0.0567783 -0.996202 245.523 
0.00572239 0.997581 0.0692745 25.6879 
0.998097 -0.00144397 -0.0616535 -11.3715 
-0.0614044 0.0694954 -0.995691 246.008 
0.00372711 0.997537 0.0700376 25.3218 
0.995652 0.00281714 -0.0931086 -12.1882 
-0.0930767 0.0700801 -0.99319 245.024 
0.00423053 0.998181 0.0601463 25.3622 
0.998138 -0.000554997 -0.0609957 -11.3717 
-0.0608513 0.0602924 -0.996324 245.136 
0.00310929 0.997236 0.0742353 25.5229 
0.996432 0.00317167 -0.0843412 -12.0466 
-0.0843436 0.0742327 -0.993668 245.083 
0.00545344 0.99383 0.110779 25.5882 
0.999833 -0.0034885 -0.0179236 -11.8006 
-0.0174265 0.110858 -0.993683 245.17 
